Univariate analysis of B.1.617.2 on 53108 samples based on 10 permutations
Estimate	Std. Error	z value	Pr(>|z|)	p_adj(maxT)
G28881T	1.62194972199538	0.0179105207814732	90.5584902742269	0	0.1
C23604G	1.60754287490308	0.0177659549146825	90.4844621425073	0	0.1
C25469T	1.6188256491702	0.0179175077612862	90.3488180799314	0	0.1
G15451A	1.62636959103582	0.0180669138094798	90.0192256511707	0	0.1
T26767C	1.58074369089439	0.0175603133168489	90.0179662157669	0	0.1
A28461G	1.63144076062259	0.0181437733052241	89.9173911169217	0	0.1
G24410A	1.6464287804757	0.0183528947528058	89.7094873942974	0	0.1
T27638C	1.6310541323459	0.0182324064072124	89.4590706194816	0	0.1
C27752T	1.62579931830404	0.0181997934120087	89.3306468649967	0	0.1
C22995A	1.58086453296858	0.0177333252446475	89.1465368823447	0	0.1
C16466T	1.61298063263674	0.0180941655564077	89.1436870967244	0	0.1
AGATTTC28247A	1.63642572132818	0.0184122321642483	88.8770957660248	0	0.1
G29402T	1.5361408752555	0.0173027460317727	88.780178154075	0	0.1
T22917G	1.46037002674928	0.0166925407186403	87.486383970207	0	0.1
G210T	1.57303610284533	0.0180952991076137	86.9306494184152	0	0.1
C21618G	1.67584947403663	0.0196738782870129	85.1814497166473	0	0.1
A11201G	1.63759084493729	0.019641869219111	83.3724543560223	0	0.1
G28916T	1.64888693319472	0.019829944385354	83.1513644794964	0	0.1
G4181T	1.64387731788536	0.0197886404162578	83.071766594677	0	0.1
C8986T	1.64031846204641	0.0197494726957828	83.0563168603828	0	0.1
G9053T	1.64733718502507	0.0198422453312133	83.0217123882492	0	0.1
C6402T	1.62915838938231	0.0196331708702388	82.979891539165	0	0.1
C27874T	1.65290157596066	0.0200091672583852	82.6072147139448	0	0.1
C7124T	1.63127439739525	0.0197898733662819	82.4297542082621	0	0.1
C10029T	1.53953938649328	0.0187005189189737	82.3260249174823	0	0.1
A11332G	1.64472598692373	0.0200131746495225	82.1821632862715	0	0.1
C19220T	1.71320276887125	0.0214747645692138	79.7774878206251	0	0.1
GAGTTCA22028G	1.73429298711249	0.0217649747593002	79.6827474551249	0	0.1
G21987A	1.84228716449615	0.0249430432842448	73.8597589517007	0	0.1
C7851T	1.65074250235033	0.0284266090379849	58.0703277040374	0	0.1
C21846T	1.41736383243324	0.025351656349298	55.9081352675598	0	0.1
G29742T	1.41345199344598	0.0351202794697258	40.2460349059691	0	0.1
TA28270T	0.425465774814832	0.0107945948704501	39.4147052224751	0	0.1
T17040C	1.67342707319377	0.0456851063573857	36.6295978409873	9.66882187803755e-294	0.1
C5184T	1.47527304853383	0.0425908027071021	34.6383011064458	6.70158832507901e-263	0.1
T11418C	1.51553133901357	0.0451544543697281	33.5632743251482	5.76449015701516e-247	0.1
C9891T	1.22211705644754	0.0389806138874102	31.3519191867386	9.16031096597229e-216	0.1
A23403G	0.0153059344089148	0.00873737979369251	1.75177624989635	0.0798122896062447	0.4
C14408T	0.0115329158137227	0.00875399158164194	1.3174465278112	0.187688993635979	0.6
C3037T	0.0112358592868134	0.00872793904578802	1.28734392253067	0.19797444074102	0.6
C241T	-0.00458589457576997	0.00889198656061464	-0.515733412832889	0.606040614678817	1
A23063T	-0.818052045998041	0.0165863708319416	-49.3207377482877	0	0.1
GTCTGGTTTT11287G	-0.844092427265301	0.0164070608782816	-51.4469004245999	0	0.1
A28111G	-0.952253268941292	0.0182477779910305	-52.1846149930892	0	0.1
C23604A	-0.913535246497697	0.0174924058514136	-52.2246770545787	0	0.1
C27972T	-0.947381318941936	0.0181385606967821	-52.230236719389	0	0.1
GAT28280CTA	-0.955939324146473	0.0183000898443379	-52.2368650797768	0	0.1
G28048T	-0.949610746844312	0.0181782246096424	-52.2389159137469	0	0.1
T16176C	-0.950959993881333	0.0182030188344799	-52.2418837517235	0	0.1
C15279T	-0.946005081434475	0.01808639312633	-52.3047948160149	0	0.1
TTTA21990T	-0.962895434909883	0.0184053126274432	-52.3161684020601	0	0.1
T24506G	-0.949976848923213	0.0181513659451019	-52.3363834874127	0	0.1
C5388A	-0.94892766118491	0.0181303468988671	-52.3391894528067	0	0.1
C3267T	-0.946589060941314	0.0180678953257981	-52.3906655353339	0	0.1
T6954C	-0.954570667800008	0.0182200212915485	-52.391303639299	0	0.1
C913T	-0.952644744543055	0.0181813749639197	-52.3967382243392	0	0.1
C23271A	-0.949652748386599	0.0181134960889698	-52.4279103118523	0	0.1
C5986T	-0.950846873527236	0.0181362424531799	-52.4279974742244	0	0.1
C14676T	-0.950685286705172	0.0181302000037804	-52.4365581464597	0	0.1
C23709T	-0.949103319477759	0.01806367626942	-52.542090841414	0	0.1
G24914C	-0.954231620369209	0.0181384615898709	-52.6081892690439	0	0.1
C28977T	-0.95719862105662	0.0181720417308039	-52.6742473540577	0	0.1
ATACATG21764A	-0.984086433311902	0.0184792069691199	-53.2537156468014	0	0.1
GGG28881AAC	-1.05929867756015	0.017684706821796	-59.8991370473039	0	0.1
