Multivariate LASSO analysis of B.1.617.2 on 53108 samples
Final model: Group ~ A23063T+C10029T+T26767C+C23604G+T22917G+C27972T+C23604A+GTCTGGTTTT11287G+C5184T+G15451A+C15279T+G21987A+G28881T+G24410A+C25469T+C3267T+C19220T+C9891T+C7124T+C27752T+A11201G+C27874T+C21618G+C21846T+G29402T+T24506G+G210T+C5986T+C8986T+C14676T+C5388A+GAT28280CTA+T17040C+AGATTTC28247A+T16176C+A28111G+T27638C+GAGTTCA22028G+TA28270T+G29742T+A11332G+G28916T+C23271A+C7851T+C6402T+C913T+C22995A+GGG28881AAC+C241T+T6954C+A28461G+C16466T+G24914C+C28977T+TTTA21990T+A23403G+ATACATG21764A+C23709T+G9053T+G28048T+G4181T+C14408T+T11418C+C3037T
Number of variables in this model: 64
Number of permutations: 10
Estimate	Std. Error	Df	z value	Pr(>|z|)	p_adj(maxT)
A23063T	0.61124	0.241015	0.999662	2.536107	0.0112092551627134	0.1
C10029T	0.422483	0.242918	0.995396	1.739201	0.0819994592035911	0.1
T26767C	0.407002	0.242851	0.99513	1.675935	0.0937509855636665	0.1
C23604G	0.401207	0.245232	0.990377	1.636032	0.101832975596366	0.1
T22917G	0.37586	0.241097	0.997329	1.558957	0.119006578605403	0.1
C27972T	0.3532	0.250855	0.968559	1.407984	0.159135831374811	0.1
C23604A	0.328547	0.242182	0.9935	1.356614	0.17490398648751	0.1
GTCTGGTTTT11287G	0.315029	0.240746	0.997141	1.30855	0.190686701350059	0.1
C5184T	0.308198	0.245937	0.979647	1.253154	0.210149627157296	0.1
G15451A	0.298968	0.247014	0.972431	1.210329	0.226152770959823	0.1
C15279T	0.28484	0.251126	0.953093	1.134251	0.256689219687551	0.1
G21987A	0.22643	0.240459	0.996585	0.941657	0.346368169891706	0.1
G28881T	0.223337	0.247102	0.963335	0.903827	0.366087256247752	0.1
G24410A	0.212283	0.241688	0.990934	0.878337	0.379760954613141	0.1
C25469T	0.183861	0.244132	0.976447	0.753123	0.451375864524795	0.1
C3267T	0.16651	0.248631	0.944206	0.669708	0.503044145896046	0.1
C19220T	0.121233	0.240733	0.993842	0.503601	0.61454209549204	0.1
C9891T	0.113815	0.243691	0.975111	0.467044	0.640468615629575	0.1
C7124T	0.108221	0.242418	0.982622	0.446422	0.655292274606205	0.1
C27752T	0.100325	0.243394	0.974896	0.412193	0.680197877116293	0.1
A11201G	0.098092	0.247748	0.941657	0.395933	0.692154483704521	0.1
C27874T	0.067552	0.243582	0.971769	0.277328	0.781528041697179	0.1
C21618G	0.040466	0.240681	0.993318	0.168132	0.866479426543588	0.1
C21846T	0.031103	0.240323	0.995771	0.12942	0.897025342104254	0.1
G29402T	0.020387	0.241988	0.982532	0.084248	0.932859160045209	0.1
T24506G	0.020333	0.24847	0.935452	0.081833	0.934779884059093	0.1
G210T	0.015025	0.241229	0.988793	0.062287	0.950334157511533	0.1
C5986T	0.000191	0.245256	0.031886	0.000778	0.999378861010361	1
C8986T	0.000163	0.246383	0.021176	0.00066	0.999473589285026	1
C14676T	-0.000144	0.247755	0.017567	-0.00058	0.999537617608214	1
C5388A	-0.000237	0.247455	0.025556	-0.000959	0.999234998499979	1
GAT28280CTA	-0.007178	0.244214	0.969769	-0.029394	0.97655053153195	0.2
T17040C	-0.00751	0.240505	0.993911	-0.031225	0.975090416619252	0.2
AGATTTC28247A	-0.015904	0.242659	0.976966	-0.065541	0.947743169265873	0.1
T16176C	-0.020796	0.245847	0.957862	-0.084589	0.932587862580628	0.1
A28111G	-0.029344	0.246299	0.953537	-0.119139	0.905165256298391	0.1
T27638C	-0.037523	0.243114	0.974542	-0.154343	0.877339286051129	0.1
GAGTTCA22028G	-0.037674	0.240773	0.992506	-0.156469	0.875662995433219	0.1
TA28270T	-0.042652	0.240364	0.995849	-0.177446	0.859157874102083	0.1
G29742T	-0.047381	0.240308	0.995853	-0.197166	0.84369743848078	0.1
A11332G	-0.054421	0.2428	0.974105	-0.22414	0.822648689338755	0.1
G28916T	-0.057861	0.247079	0.938295	-0.234179	0.814845916319555	0.1
C23271A	-0.058123	0.251491	0.906478	-0.231113	0.817227110068179	0.1
C7851T	-0.065669	0.240438	0.994872	-0.273121	0.784760363646072	0.1
C6402T	-0.067555	0.245824	0.950923	-0.274812	0.783460983826675	0.1
C913T	-0.069169	0.245638	0.961119	-0.281588	0.77825949413545	0.1
C22995A	-0.071444	0.242079	0.984188	-0.295126	0.767897796158298	0.1
GGG28881AAC	-0.073639	0.240223	0.996848	-0.306543	0.759191132784277	0.1
C241T	-0.073827	0.240894	0.992283	-0.306469	0.75924789025027	0.1
T6954C	-0.083993	0.244993	0.967285	-0.342838	0.731720092342406	0.1
A28461G	-0.099786	0.243249	0.974898	-0.41022	0.681644407792	0.1
C16466T	-0.117238	0.24298	0.975321	-0.482503	0.629449019733587	0.1
G24914C	-0.166277	0.248617	0.950371	-0.668807	0.503618612062693	0.1
C28977T	-0.181465	0.246091	0.965795	-0.737392	0.460883712482978	0.1
TTTA21990T	-0.193975	0.241548	0.991714	-0.803051	0.421945038070995	0.1
A23403G	-0.208729	0.242839	0.984399	-0.859534	0.390045803106853	0.1
ATACATG21764A	-0.213538	0.241411	0.992256	-0.884541	0.376404481652526	0.1
C23709T	-0.228979	0.247294	0.964897	-0.925939	0.35447788179757	0.1
G9053T	-0.259517	0.247427	0.960796	-1.048864	0.294240831374471	0.1
G28048T	-0.270307	0.247868	0.966401	-1.09053	0.275479751997144	0.1
G4181T	-0.271331	0.247778	0.955896	-1.095053	0.273493456411135	0.1
C14408T	-0.332229	0.242406	0.992908	-1.370548	0.170516021547935	0.1
T11418C	-0.388243	0.250722	0.97003	-1.548498	0.121502384046438	0.1
C3037T	-0.43763	0.243777	0.994364	-1.795205	0.0726209873857655	0.1
